TWA
44.6
52
60
70
75
80
90
110
120
135
150
165
180
140.5
BTV
4.58
5.09
5.42
5.62
5.65
5.66
5.92
5.81
5.67
4.98
3.96
3.30
3.10
4.59
VMG
3.26
3.14
2.71
1.92
1.46
0.98
0.00
1.99
2.84
3.52
3.43
3.19
3.10
3.54
AWS
9.80
9.98
9.90
9.52
9.25
8.94
8.43
6.78
5.84
4.31
3.24
2.94
2.90
3.81
AWA
25.4
28.3
31.7
36.3
38.8
41.4
45.4
56.3
62.8
80.1
112.4
148.1
180.0
90.6
Heel
4.1
4.2
4.1
3.8
3.6
14.3
14.0
12.3
11.7
10.3
8.1
7.5
7.2
9.3
Reef
1.00
1.00
1.00
1.00
1.00
1.00
1.00
1.00
1.00
1.00
1.00
1.00
1.00
1.00
Flat
1.00
1.00
1.00
1.00
1.00
1.00
1.00
1.00
1.00
1.00
1.00
1.00
1.00
1.00
TWS = 6 Kts
TWA
41.7
52
60
70
75
80
90
110
120
135
150
165
180
144.8
BTV
5.44
6.06
6.38
6.60
6.64
6.84
7.04
6.98
6.87
6.09
5.14
4.34
4.10
5.52
VMG
4.06
3.73
3.19
2.26
1.72
1.19
0.00
2.39
3.44
4.31
4.45
4.19
4.10
4.52
AWS
12.59
12.66
12.48
11.98
11.64
11.40
10.66
8.63
7.50
5.67
4.38
3.97
3.90
4.72
AWA
25.0
29.9
33.7
38.8
41.6
43.7
48.7
60.5
67.5
85.6
114.1
148.6
180.0
102.4
Heel
9.0
9.1
8.4
6.7
5.7
18.0
16.9
15.0
12.7
11.1
8.8
7.7
7.3
9.7
Reef
1.00
1.00
1.00
1.00
1.00
1.00
1.00
1.00
1.00
1.00
1.00
1.00
1.00
1.00
Flat
1.00
1.00
1.00
1.00
1.00
1.00
1.00
1.00
1.00
1.00
1.00
1.00
1.00
1.00
TWS = 8 Kts
TWA
40.6
52
60
70
75
80
90
110
120
135
150
165
180
145.2
BTV
6.00
6.82
7.10
7.27
7.29
7.34
7.56
7.76
7.58
7.03
6.06
5.35
5.07
6.40
VMG
4.55
4.20
3.55
2.48
1.89
1.27
0.00
2.65
3.79
4.97
5.24
5.17
5.07
5.26
AWS
15.07
15.18
14.88
14.23
13.82
13.39
12.53
10.35
9.04
7.07
5.64
5.03
4.93
5.99
AWA
25.6
31.3
35.6
41.3
44.3
47.3
52.9
65.2
73.4
90.4
117.5
149.0
180.0
107.6
Heel
17.3
17.4
15.8
12.7
10.9
26.6
26.6
16.6
14.5
11.7
9.8
8.1
7.4
10.5
Reef
1.00
1.00
1.00
1.00
1.00
1.00
1.00
1.00
1.00
1.00
1.00
1.00
1.00
1.00
Flat
1.00
1.00
1.00
1.00
1.00
0.88
0.98
1.00
1.00
1.00
1.00
1.00
1.00
1.00
TWS = 10 Kts
TWA
40.9
52
60
70
75
80
90
110
120
135
150
165
180
154.7
BTV
6.45
7.18
7.48
7.69
7.74
7.75
7.76
8.35
8.12
7.62
6.87
6.14
5.88
6.61
VMG
4.87
4.42
3.74
2.63
2.00
1.35
0.00
2.86
4.06
5.39
5.95
5.93
5.88
5.98
AWS
17.40
17.37
17.02
16.32
15.87
15.37
14.29
12.05
10.61
8.53
6.96
6.27
6.12
6.65
AWA
26.9
33.0
37.6
43.7
46.9
50.2
57.1
69.4
78.5
95.8
120.4
150.3
180.0
129.6
Heel
21.6
24.6
24.4
19.7
17.1
14.4
26.6
21.3
15.9
12.2
10.5
8.5
7.5
9.9
Reef
1.00
1.00
1.00
1.00
1.00
1.00
0.92
1.00
1.00
1.00
1.00
1.00
1.00
1.00
Flat
0.88
0.96
1.00
1.00
1.00
1.00
0.95
1.00
1.00
1.00
1.00
1.00
1.00
1.00
TWS = 12 Kts
TWA
39.7
52
60
70
75
80
90
110
120
135
150
165
180
166.5
BTV
6.62
7.37
7.66
7.95
8.06
8.11
8.06
8.71
8.66
8.13
7.45
6.88
6.62
6.84
VMG
5.10
4.54
3.83
2.72
2.09
1.41
0.00
2.98
4.33
5.75
6.45
6.65
6.62
6.65
AWS
19.56
19.43
19.02
18.31
17.87
17.36
16.15
13.73
12.24
10.06
8.42
7.56
7.38
7.52
AWA
27.2
34.6
39.6
45.9
49.2
52.6
60.1
73.4
82.2
100.1
123.8
151.4
180.0
154.3
Heel
23.0
25.7
26.6
27.2
24.4
20.7
13.3
26.7
17.7
12.9
11.0
9.0
7.6
8.8
Reef
1.00
1.00
1.00
1.00
1.00
1.00
1.00
0.98
1.00
1.00
1.00
1.00
1.00
1.00
Flat
0.75
0.82
0.88
0.99
1.00
1.00
1.00
1.00
1.00
1.00
1.00
1.00
1.00
1.00
TWS = 14 Kts
TWA
38.7
52
60
70
75
80
90
110
120
135
150
165
180
177.6
BTV
6.72
7.50
7.79
8.09
8.23
8.36
8.42
8.92
9.17
8.64
7.92
7.43
7.23
7.24
VMG
5.24
4.62
3.89
2.77
2.13
1.45
0.00
3.05
4.58
6.11
6.86
7.18
7.23
7.23
AWS
21.65
21.44
21.01
20.25
19.80
19.29
18.08
15.43
13.91
11.63
9.96
9.03
8.77
8.78
AWA
27.5
36.0
41.3
47.9
51.3
54.8
62.2
77.1
85.2
103.3
126.6
152.7
180.0
175.5
Heel
24.0
26.8
27.5
28.1
28.3
28.0
18.5
26.7
24.9
14.4
11.4
9.7
7.8
8.0
Reef
1.00
1.00
1.00
1.00
1.00
1.00
1.00
0.91
1.00
1.00
1.00
1.00
1.00
1.00
Flat
0.65
0.71
0.77
0.87
0.93
1.00
1.00
1.00
1.00
1.00
1.00
1.00
1.00
1.00
TWS = 16 Kts
TWA
39.5
52
60
70
75
80
90
110
120
135
150
165
180
178.7
BTV
6.79
7.60
7.93
8.26
8.43
8.59
8.89
9.36
9.81
9.89
8.88
8.34
8.14
8.14
VMG
5.24
4.68
3.96
2.83
2.18
1.49
0.00
3.20
4.90
6.99
7.69
8.05
8.14
8.14
AWS
25.61
25.39
24.93
24.11
23.63
23.09
21.89
18.96
17.32
14.77
13.09
12.14
11.86
11.86
AWA
29.8
38.4
44.0
51.2
54.8
58.5
66.0
82.4
90.6
106.7
130.2
154.8
180.0
177.9
Heel
28.9
29.9
29.2
29.6
29.9
30.0
30.0
26.7
26.7
16.6
12.3
10.7
8.2
8.4
Reef
0.68
0.86
1.00
1.00
1.00
1.00
1.00
0.80
0.90
1.00
1.00
1.00
1.00
1.00
Flat
0.60
0.60
0.60
0.68
0.74
0.81
0.97
1.00
1.00
1.00
1.00
1.00
1.00
1.00
TWS = 20 Kts
